0.0	0.000401
1.0	-0.003096
2.0	-0.003558
3.0	-0.001714
4.0	-0.004648
5.0	-0.004551
6.0	0.000961
7.0	0.000651
8.0	0.002816
9.0	-0.000324
10.0	0.000817
11.0	0.003184
12.0	-0.000149
13.0	-0.001985
14.0	0.001411
15.0	0.005066
16.0	-0.001883
17.0	0.000724
18.0	-0.004243
19.0	-0.001305
20.0	0.001451
21.0	0.002549
22.0	0.003317
23.0	-0.001713
24.0	0.002724
25.0	-0.001376
26.0	-0.001806
27.0	-0.002578
28.0	0.004188
29.0	-0.001142
30.0	-0.003516
31.0	0.00577
32.0	0.006715
33.0	0.004551
34.0	-0.003234
35.0	0.002218
36.0	-1.676215e-005
37.0	-0.000357
38.0	0.005674
39.0	0.002663
40.0	-0.001607
41.0	0.007321
42.0	0.002527
43.0	0.000746
44.0	0.001949
45.0	0.000634
46.0	0.00327
47.0	0.003968
48.0	0.006132
49.0	0.005719
50.0	0.017201
51.0	0.014505
52.0	0.014942
53.0	0.017905
54.0	0.024689
55.0	0.02964
56.0	0.031309
57.0	0.037658
58.0	0.040763
59.0	0.040651
60.0	0.050299
61.0	0.046798
62.0	0.046822
63.0	0.045498
64.0	0.043754
65.0	0.049939
66.0	0.042102
67.0	0.039743
68.0	0.044102
69.0	0.038031
70.0	0.031489
71.0	0.028823
72.0	0.021844
73.0	0.015886
74.0	0.015116
75.0	0.019468
76.0	0.00996
77.0	0.013043
78.0	0.013161
79.0	0.006543
80.0	0.002716
81.0	0.007022
82.0	0.009072
83.0	0.007819
84.0	0.000686
85.0	0.003141
86.0	0.00056
87.0	0.005618
88.0	-0.001833
89.0	0.00066
90.0	0.006356
91.0	-0.003407
92.0	-9.440532e-005
93.0	0.003383
94.0	0.005811
95.0	0.00209
96.0	-0.001747
97.0	0.001639
98.0	0.001799
99.0	0.002238
100.0	0.005999
101.0	-0.003828
102.0	-0.004601
103.0	0.006118
104.0	0.003175
105.0	-0.00011
106.0	0.003461
107.0	-0.003688
108.0	-0.001053
109.0	0.005087
110.0	0.00211
111.0	-0.004321
112.0	-0.001579
113.0	-0.003242
114.0	-0.004402
115.0	8.61958e-006
116.0	-0.000732
117.0	-0.002155
118.0	-0.000923
119.0	0.000595
120.0	0.004279
121.0	-0.004243
122.0	0.003869
123.0	0.000876
124.0	0.005619
125.0	-0.003793
126.0	-0.002005
127.0	-0.000418
128.0	0.000789
129.0	0.005933
130.0	0.002644
